10536	351
10536	5663
10536	348
10536	5664
10536	4137
10536	5621
10536	6622
10536	29979
10536	6653
10536	2
10536	23621
10536	23385
10536	1636
10536	5328
10536	4035
10536	12
10536	4846
10536	3416
10536	1471
10536	23646
10536	84570
10536	102
10536	3552
10536	4973
10536	7124
10536	3028
10536	323
10536	54209
10536	1627
10536	322
10536	834
10536	4353
10536	10580
10536	4550
10536	321
10536	7024
10536	7064
10536	320
10536	2896
10536	2186
10536	114548
10536	5300
10536	4311
10536	2597
10536	79865
10536	1191
10536	246744
10536	7018
10536	7314
10536	4535
10536	3077
10536	1565
10536	642
10536	2629
10536	4513
10536	10105
10536	3084
10536	2932
10536	1859
10536	20
10536	590
10536	3290
10536	7040
10536	51083
10536	2827
10536	8301
10536	25797
10536	83464
10536	945
10536	6311
10536	10307
10536	836
10536	355
10536	959
10536	4851
10536	5653
10536	4512
10536	9846
10536	7422
10536	5978
10536	23411
10536	333
10536	1071
10536	958
10536	3356
10536	120892
10536	3630
10536	2739
10536	5967
10536	26330
10536	177
10536	255022
10536	1511
10536	4504
10536	10858
10536	51118
10536	54103
10536	4223
10536	1718
10536	729230
10536	3075
10536	1270
10536	6315
10536	627
10536	3105
10536	3162
10536	2048
10536	4843
10536	10288
10536	100379571
10536	1312
10536	2243
10536	23627
10536	6532
10536	1889
10536	1139
10536	54822
10536	7436
10536	407024
10536	407021
10536	8678
10536	3066
10536	5649
10536	2100
10536	1103
10536	4914
10536	19
10536	10059
10536	5144
10536	1827
10536	2931
10536	10787
10536	857
10536	2353
10536	8851
10536	114815
10536	6646
10536	1588
10536	721
10536	90637
10536	81559
10536	2274
10536	22976
10536	7447
10536	81618
10536	55851
10536	29119
10536	81847
10536	4543
10536	283556
10536	406938
10536	130617
10536	442907
10536	653308
10536	4967
10536	55680
10536	128434
10536	347731
10536	3358
10536	5730
10536	5337
10536	3350
10536	1508
10536	1392
10536	5071
10536	1410
10536	4747
10536	2670
10536	8878
10536	618
10536	6648
10536	4572
10536	8564
10536	25825
10536	1384
10536	3553
10536	9910
10536	7345
10536	215
10536	551
10536	7048
10536	6506
10536	3479
10536	9627
10536	2752
10536	58157
10536	824
10536	81532
10536	9546
10536	841
10536	2934
10536	3178
10536	10280
10536	27235
10536	1356
10536	4576
10536	567
10536	5580
10536	6623
10536	10524
1468	351
1468	5663
1468	348
1468	5664
1468	4137
1468	5621
1468	6622
1468	29979
1468	6653
1468	2
1468	23621
1468	23385
1468	1636
1468	5328
1468	4035
1468	12
1468	4846
1468	3416
1468	1471
1468	23646
1468	84570
1468	102
1468	3552
1468	4973
1468	7124
1468	3028
1468	323
1468	54209
1468	1627
1468	322
1468	834
1468	4353
1468	10580
1468	4550
1468	321
1468	7024
1468	7064
1468	320
1468	2896
1468	2186
1468	114548
1468	5300
1468	4311
1468	2597
1468	79865
1468	1191
1468	246744
1468	7018
1468	7314
1468	4535
1468	3077
1468	1565
1468	642
1468	2629
1468	4513
1468	10105
1468	3084
1468	2932
1468	1859
1468	20
1468	590
1468	3290
1468	7040
1468	51083
1468	2827
1468	8301
1468	25797
1468	83464
1468	945
1468	6311
1468	10307
1468	836
1468	355
1468	959
1468	4851
1468	5653
1468	4512
1468	9846
1468	7422
1468	5978
1468	23411
1468	333
1468	1071
1468	958
1468	3356
1468	120892
1468	3630
1468	2739
1468	5967
1468	26330
1468	177
1468	255022
1468	1511
1468	4504
1468	10858
1468	51118
1468	54103
1468	4223
1468	1718
1468	729230
1468	3075
1468	1270
1468	6315
1468	627
1468	3105
1468	3162
1468	2048
1468	4843
1468	10288
1468	100379571
1468	1312
1468	2243
1468	23627
1468	6532
1468	1889
1468	1139
1468	54822
1468	7436
1468	407024
1468	407021
1468	8678
1468	3066
1468	5649
1468	2100
1468	1103
1468	4914
1468	19
1468	10059
1468	5144
1468	1827
1468	2931
1468	10787
1468	857
1468	2353
1468	8851
1468	114815
1468	6646
1468	1588
1468	721
1468	90637
1468	81559
1468	2274
1468	22976
1468	7447
1468	81618
1468	55851
1468	29119
1468	81847
1468	4543
1468	283556
1468	406938
1468	130617
1468	442907
1468	653308
1468	4967
1468	55680
1468	128434
1468	347731
1468	3358
1468	5730
1468	5337
1468	3350
1468	1508
1468	1392
1468	5071
1468	1410
1468	4747
1468	2670
1468	8878
1468	618
1468	6648
1468	4572
1468	8564
1468	25825
1468	1384
1468	3553
1468	9910
1468	7345
1468	215
1468	551
1468	7048
1468	6506
1468	3479
1468	9627
1468	2752
1468	58157
1468	824
1468	81532
1468	9546
1468	841
1468	2934
1468	3178
1468	10280
1468	27235
1468	1356
1468	4576
1468	567
1468	5580
1468	6623
1468	10524
444	351
444	5663
444	348
444	5664
444	4137
444	5621
444	6622
444	29979
444	6653
444	2
444	23621
444	23385
444	1636
444	5328
444	4035
444	12
444	4846
444	3416
444	1471
444	23646
444	84570
444	102
444	3552
444	4973
444	7124
444	3028
444	323
444	54209
444	1627
444	322
444	834
444	4353
444	10580
444	4550
444	321
444	7024
444	7064
444	320
444	2896
444	2186
444	114548
444	5300
444	4311
444	2597
444	79865
444	1191
444	246744
444	7018
444	7314
444	4535
444	3077
444	1565
444	642
444	2629
444	4513
444	10105
444	3084
444	2932
444	1859
444	20
444	590
444	3290
444	7040
444	51083
444	2827
444	8301
444	25797
444	83464
444	945
444	6311
444	10307
444	836
444	355
444	959
444	4851
444	5653
444	4512
444	9846
444	7422
444	5978
444	23411
444	333
444	1071
444	958
444	3356
444	120892
444	3630
444	2739
444	5967
444	26330
444	177
444	255022
444	1511
444	4504
444	10858
444	51118
444	54103
444	4223
444	1718
444	729230
444	3075
444	1270
444	6315
444	627
444	3105
444	3162
444	2048
444	4843
444	10288
444	100379571
444	1312
444	2243
444	23627
444	6532
444	1889
444	1139
444	54822
444	7436
444	407024
444	407021
444	8678
444	3066
444	5649
444	2100
444	1103
444	4914
444	19
444	10059
444	5144
444	1827
444	2931
444	10787
444	857
444	2353
444	8851
444	114815
444	6646
444	1588
444	721
444	90637
444	81559
444	2274
444	22976
444	7447
444	81618
444	55851
444	29119
444	81847
444	4543
444	283556
444	406938
444	130617
444	442907
444	653308
444	4967
444	55680
444	128434
444	347731
444	3358
444	5730
444	5337
444	3350
444	1508
444	1392
444	5071
444	1410
444	4747
444	2670
444	8878
444	618
444	6648
444	4572
444	8564
444	25825
444	1384
444	3553
444	9910
444	7345
444	215
444	551
444	7048
444	6506
444	3479
444	9627
444	2752
444	58157
444	824
444	81532
444	9546
444	841
444	2934
444	3178
444	10280
444	27235
444	1356
444	4576
444	567
444	5580
444	6623
444	10524
5019	351
5019	5663
5019	348
5019	5664
5019	4137
5019	5621
5019	6622
5019	29979
5019	6653
5019	2
5019	23621
5019	23385
5019	1636
5019	5328
5019	4035
5019	12
5019	4846
5019	3416
5019	1471
5019	23646
5019	84570
5019	102
5019	3552
5019	4973
5019	7124
5019	3028
5019	323
5019	54209
5019	1627
5019	322
5019	834
5019	4353
5019	10580
5019	4550
5019	321
5019	7024
5019	7064
5019	320
5019	2896
5019	2186
5019	114548
5019	5300
5019	4311
5019	2597
5019	79865
5019	1191
5019	246744
5019	7018
5019	7314
5019	4535
5019	3077
5019	1565
5019	642
5019	2629
5019	4513
5019	10105
5019	3084
5019	2932
5019	1859
5019	20
5019	590
5019	3290
5019	7040
5019	51083
5019	2827
5019	8301
5019	25797
5019	83464
5019	945
5019	6311
5019	10307
5019	836
5019	355
5019	959
5019	4851
5019	5653
5019	4512
5019	9846
5019	7422
5019	5978
5019	23411
5019	333
5019	1071
5019	958
5019	3356
5019	120892
5019	3630
5019	2739
5019	5967
5019	26330
5019	177
5019	255022
5019	1511
5019	4504
5019	10858
5019	51118
5019	54103
5019	4223
5019	1718
5019	729230
5019	3075
5019	1270
5019	6315
5019	627
5019	3105
5019	3162
5019	2048
5019	4843
5019	10288
5019	100379571
5019	1312
5019	2243
5019	23627
5019	6532
5019	1889
5019	1139
5019	54822
5019	7436
5019	407024
5019	407021
5019	8678
5019	3066
5019	5649
5019	2100
5019	1103
5019	4914
5019	19
5019	10059
5019	5144
5019	1827
5019	2931
5019	10787
5019	857
5019	2353
5019	8851
5019	114815
5019	6646
5019	1588
5019	721
5019	90637
5019	81559
5019	2274
5019	22976
5019	7447
5019	81618
5019	55851
5019	29119
5019	81847
5019	4543
5019	283556
5019	406938
5019	130617
5019	442907
5019	653308
5019	4967
5019	55680
5019	128434
5019	347731
5019	3358
5019	5730
5019	5337
5019	3350
5019	1508
5019	1392
5019	5071
5019	1410
5019	4747
5019	2670
5019	8878
5019	618
5019	6648
5019	4572
5019	8564
5019	25825
5019	1384
5019	3553
5019	9910
5019	7345
5019	215
5019	551
5019	7048
5019	6506
5019	3479
5019	9627
5019	2752
5019	58157
5019	824
5019	81532
5019	9546
5019	841
5019	2934
5019	3178
5019	10280
5019	27235
5019	1356
5019	4576
5019	567
5019	5580
5019	6623
5019	10524
5033	351
5033	5663
5033	348
5033	5664
5033	4137
5033	5621
5033	6622
5033	29979
5033	6653
5033	2
5033	23621
5033	23385
5033	1636
5033	5328
5033	4035
5033	12
5033	4846
5033	3416
5033	1471
5033	23646
5033	84570
5033	102
5033	3552
5033	4973
5033	7124
5033	3028
5033	323
5033	54209
5033	1627
5033	322
5033	834
5033	4353
5033	10580
5033	4550
5033	321
5033	7024
5033	7064
5033	320
5033	2896
5033	2186
5033	114548
5033	5300
5033	4311
5033	2597
5033	79865
5033	1191
5033	246744
5033	7018
5033	7314
5033	4535
5033	3077
5033	1565
5033	642
5033	2629
5033	4513
5033	10105
5033	3084
5033	2932
5033	1859
5033	20
5033	590
5033	3290
5033	7040
5033	51083
5033	2827
5033	8301
5033	25797
5033	83464
5033	945
5033	6311
5033	10307
5033	836
5033	355
5033	959
5033	4851
5033	5653
5033	4512
5033	9846
5033	7422
5033	5978
5033	23411
5033	333
5033	1071
5033	958
5033	3356
5033	120892
5033	3630
5033	2739
5033	5967
5033	26330
5033	177
5033	255022
5033	1511
5033	4504
5033	10858
5033	51118
5033	54103
5033	4223
5033	1718
5033	729230
5033	3075
5033	1270
5033	6315
5033	627
5033	3105
5033	3162
5033	2048
5033	4843
5033	10288
5033	100379571
5033	1312
5033	2243
5033	23627
5033	6532
5033	1889
5033	1139
5033	54822
5033	7436
5033	407024
5033	407021
5033	8678
5033	3066
5033	5649
5033	2100
5033	1103
5033	4914
5033	19
5033	10059
5033	5144
5033	1827
5033	2931
5033	10787
5033	857
5033	2353
5033	8851
5033	114815
5033	6646
5033	1588
5033	721
5033	90637
5033	81559
5033	2274
5033	22976
5033	7447
5033	81618
5033	55851
5033	29119
5033	81847
5033	4543
5033	283556
5033	406938
5033	130617
5033	442907
5033	653308
5033	4967
5033	55680
5033	128434
5033	347731
5033	3358
5033	5730
5033	5337
5033	3350
5033	1508
5033	1392
5033	5071
5033	1410
5033	4747
5033	2670
5033	8878
5033	618
5033	6648
5033	4572
5033	8564
5033	25825
5033	1384
5033	3553
5033	9910
5033	7345
5033	215
5033	551
5033	7048
5033	6506
5033	3479
5033	9627
5033	2752
5033	58157
5033	824
5033	81532
5033	9546
5033	841
5033	2934
5033	3178
5033	10280
5033	27235
5033	1356
5033	4576
5033	567
5033	5580
5033	6623
5033	10524
5351	351
5351	5663
5351	348
5351	5664
5351	4137
5351	5621
5351	6622
5351	29979
5351	6653
5351	2
5351	23621
5351	23385
5351	1636
5351	5328
5351	4035
5351	12
5351	4846
5351	3416
5351	1471
5351	23646
5351	84570
5351	102
5351	3552
5351	4973
5351	7124
5351	3028
5351	323
5351	54209
5351	1627
5351	322
5351	834
5351	4353
5351	10580
5351	4550
5351	321
5351	7024
5351	7064
5351	320
5351	2896
5351	2186
5351	114548
5351	5300
5351	4311
5351	2597
5351	79865
5351	1191
5351	246744
5351	7018
5351	7314
5351	4535
5351	3077
5351	1565
5351	642
5351	2629
5351	4513
5351	10105
5351	3084
5351	2932
5351	1859
5351	20
5351	590
5351	3290
5351	7040
5351	51083
5351	2827
5351	8301
5351	25797
5351	83464
5351	945
5351	6311
5351	10307
5351	836
5351	355
5351	959
5351	4851
5351	5653
5351	4512
5351	9846
5351	7422
5351	5978
5351	23411
5351	333
5351	1071
5351	958
5351	3356
5351	120892
5351	3630
5351	2739
5351	5967
5351	26330
5351	177
5351	255022
5351	1511
5351	4504
5351	10858
5351	51118
5351	54103
5351	4223
5351	1718
5351	729230
5351	3075
5351	1270
5351	6315
5351	627
5351	3105
5351	3162
5351	2048
5351	4843
5351	10288
5351	100379571
5351	1312
5351	2243
5351	23627
5351	6532
5351	1889
5351	1139
5351	54822
5351	7436
5351	407024
5351	407021
5351	8678
5351	3066
5351	5649
5351	2100
5351	1103
5351	4914
5351	19
5351	10059
5351	5144
5351	1827
5351	2931
5351	10787
5351	857
5351	2353
5351	8851
5351	114815
5351	6646
5351	1588
5351	721
5351	90637
5351	81559
5351	2274
5351	22976
5351	7447
5351	81618
5351	55851
5351	29119
5351	81847
5351	4543
5351	283556
5351	406938
5351	130617
5351	442907
5351	653308
5351	4967
5351	55680
5351	128434
5351	347731
5351	3358
5351	5730
5351	5337
5351	3350
5351	1508
5351	1392
5351	5071
5351	1410
5351	4747
5351	2670
5351	8878
5351	618
5351	6648
5351	4572
5351	8564
5351	25825
5351	1384
5351	3553
5351	9910
5351	7345
5351	215
5351	551
5351	7048
5351	6506
5351	3479
5351	9627
5351	2752
5351	58157
5351	824
5351	81532
5351	9546
5351	841
5351	2934
5351	3178
5351	10280
5351	27235
5351	1356
5351	4576
5351	567
5351	5580
5351	6623
5351	10524
55214	351
55214	5663
55214	348
55214	5664
55214	4137
55214	5621
55214	6622
55214	29979
55214	6653
55214	2
55214	23621
55214	23385
55214	1636
55214	5328
55214	4035
55214	12
55214	4846
55214	3416
55214	1471
55214	23646
55214	84570
55214	102
55214	3552
55214	4973
55214	7124
55214	3028
55214	323
55214	54209
55214	1627
55214	322
55214	834
55214	4353
55214	10580
55214	4550
55214	321
55214	7024
55214	7064
55214	320
55214	2896
55214	2186
55214	114548
55214	5300
55214	4311
55214	2597
55214	79865
55214	1191
55214	246744
55214	7018
55214	7314
55214	4535
55214	3077
55214	1565
55214	642
55214	2629
55214	4513
55214	10105
55214	3084
55214	2932
55214	1859
55214	20
55214	590
55214	3290
55214	7040
55214	51083
55214	2827
55214	8301
55214	25797
55214	83464
55214	945
55214	6311
55214	10307
55214	836
55214	355
55214	959
55214	4851
55214	5653
55214	4512
55214	9846
55214	7422
55214	5978
55214	23411
55214	333
55214	1071
55214	958
55214	3356
55214	120892
55214	3630
55214	2739
55214	5967
55214	26330
55214	177
55214	255022
55214	1511
55214	4504
55214	10858
55214	51118
55214	54103
55214	4223
55214	1718
55214	729230
55214	3075
55214	1270
55214	6315
55214	627
55214	3105
55214	3162
55214	2048
55214	4843
55214	10288
55214	100379571
55214	1312
55214	2243
55214	23627
55214	6532
55214	1889
55214	1139
55214	54822
55214	7436
55214	407024
55214	407021
55214	8678
55214	3066
55214	5649
55214	2100
55214	1103
55214	4914
55214	19
55214	10059
55214	5144
55214	1827
55214	2931
55214	10787
55214	857
55214	2353
55214	8851
55214	114815
55214	6646
55214	1588
55214	721
55214	90637
55214	81559
55214	2274
55214	22976
55214	7447
55214	81618
55214	55851
55214	29119
55214	81847
55214	4543
55214	283556
55214	406938
55214	130617
55214	442907
55214	653308
55214	4967
55214	55680
55214	128434
55214	347731
55214	3358
55214	5730
55214	5337
55214	3350
55214	1508
55214	1392
55214	5071
55214	1410
55214	4747
55214	2670
55214	8878
55214	618
55214	6648
55214	4572
55214	8564
55214	25825
55214	1384
55214	3553
55214	9910
55214	7345
55214	215
55214	551
55214	7048
55214	6506
55214	3479
55214	9627
55214	2752
55214	58157
55214	824
55214	81532
55214	9546
55214	841
55214	2934
55214	3178
55214	10280
55214	27235
55214	1356
55214	4576
55214	567
55214	5580
55214	6623
55214	10524
55217	351
55217	5663
55217	348
55217	5664
55217	4137
55217	5621
55217	6622
55217	29979
55217	6653
55217	2
55217	23621
55217	23385
55217	1636
55217	5328
55217	4035
55217	12
55217	4846
55217	3416
55217	1471
55217	23646
55217	84570
55217	102
55217	3552
55217	4973
55217	7124
55217	3028
55217	323
55217	54209
55217	1627
55217	322
55217	834
55217	4353
55217	10580
55217	4550
55217	321
55217	7024
55217	7064
55217	320
55217	2896
55217	2186
55217	114548
55217	5300
55217	4311
55217	2597
55217	79865
55217	1191
55217	246744
55217	7018
55217	7314
55217	4535
55217	3077
55217	1565
55217	642
55217	2629
55217	4513
55217	10105
55217	3084
55217	2932
55217	1859
55217	20
55217	590
55217	3290
55217	7040
55217	51083
55217	2827
55217	8301
55217	25797
55217	83464
55217	945
55217	6311
55217	10307
55217	836
55217	355
55217	959
55217	4851
55217	5653
55217	4512
55217	9846
55217	7422
55217	5978
55217	23411
55217	333
55217	1071
55217	958
55217	3356
55217	120892
55217	3630
55217	2739
55217	5967
55217	26330
55217	177
55217	255022
55217	1511
55217	4504
55217	10858
55217	51118
55217	54103
55217	4223
55217	1718
55217	729230
55217	3075
55217	1270
55217	6315
55217	627
55217	3105
55217	3162
55217	2048
55217	4843
55217	10288
55217	100379571
55217	1312
55217	2243
55217	23627
55217	6532
55217	1889
55217	1139
55217	54822
55217	7436
55217	407024
55217	407021
55217	8678
55217	3066
55217	5649
55217	2100
55217	1103
55217	4914
55217	19
55217	10059
55217	5144
55217	1827
55217	2931
55217	10787
55217	857
55217	2353
55217	8851
55217	114815
55217	6646
55217	1588
55217	721
55217	90637
55217	81559
55217	2274
55217	22976
55217	7447
55217	81618
55217	55851
55217	29119
55217	81847
55217	4543
55217	283556
55217	406938
55217	130617
55217	442907
55217	653308
55217	4967
55217	55680
55217	128434
55217	347731
55217	3358
55217	5730
55217	5337
55217	3350
55217	1508
55217	1392
55217	5071
55217	1410
55217	4747
55217	2670
55217	8878
55217	618
55217	6648
55217	4572
55217	8564
55217	25825
55217	1384
55217	3553
55217	9910
55217	7345
55217	215
55217	551
55217	7048
55217	6506
55217	3479
55217	9627
55217	2752
55217	58157
55217	824
55217	81532
55217	9546
55217	841
55217	2934
55217	3178
55217	10280
55217	27235
55217	1356
55217	4576
55217	567
55217	5580
55217	6623
55217	10524
56670	351
56670	5663
56670	348
56670	5664
56670	4137
56670	5621
56670	6622
56670	29979
56670	6653
56670	2
56670	23621
56670	23385
56670	1636
56670	5328
56670	4035
56670	12
56670	4846
56670	3416
56670	1471
56670	23646
56670	84570
56670	102
56670	3552
56670	4973
56670	7124
56670	3028
56670	323
56670	54209
56670	1627
56670	322
56670	834
56670	4353
56670	10580
56670	4550
56670	321
56670	7024
56670	7064
56670	320
56670	2896
56670	2186
56670	114548
56670	5300
56670	4311
56670	2597
56670	79865
56670	1191
56670	246744
56670	7018
56670	7314
56670	4535
56670	3077
56670	1565
56670	642
56670	2629
56670	4513
56670	10105
56670	3084
56670	2932
56670	1859
56670	20
56670	590
56670	3290
56670	7040
56670	51083
56670	2827
56670	8301
56670	25797
56670	83464
56670	945
56670	6311
56670	10307
56670	836
56670	355
56670	959
56670	4851
56670	5653
56670	4512
56670	9846
56670	7422
56670	5978
56670	23411
56670	333
56670	1071
56670	958
56670	3356
56670	120892
56670	3630
56670	2739
56670	5967
56670	26330
56670	177
56670	255022
56670	1511
56670	4504
56670	10858
56670	51118
56670	54103
56670	4223
56670	1718
56670	729230
56670	3075
56670	1270
56670	6315
56670	627
56670	3105
56670	3162
56670	2048
56670	4843
56670	10288
56670	100379571
56670	1312
56670	2243
56670	23627
56670	6532
56670	1889
56670	1139
56670	54822
56670	7436
56670	407024
56670	407021
56670	8678
56670	3066
56670	5649
56670	2100
56670	1103
56670	4914
56670	19
56670	10059
56670	5144
56670	1827
56670	2931
56670	10787
56670	857
56670	2353
56670	8851
56670	114815
56670	6646
56670	1588
56670	721
56670	90637
56670	81559
56670	2274
56670	22976
56670	7447
56670	81618
56670	55851
56670	29119
56670	81847
56670	4543
56670	283556
56670	406938
56670	130617
56670	442907
56670	653308
56670	4967
56670	55680
56670	128434
56670	347731
56670	3358
56670	5730
56670	5337
56670	3350
56670	1508
56670	1392
56670	5071
56670	1410
56670	4747
56670	2670
56670	8878
56670	618
56670	6648
56670	4572
56670	8564
56670	25825
56670	1384
56670	3553
56670	9910
56670	7345
56670	215
56670	551
56670	7048
56670	6506
56670	3479
56670	9627
56670	2752
56670	58157
56670	824
56670	81532
56670	9546
56670	841
56670	2934
56670	3178
56670	10280
56670	27235
56670	1356
56670	4576
56670	567
56670	5580
56670	6623
56670	10524
6389	351
6389	5663
6389	348
6389	5664
6389	4137
6389	5621
6389	6622
6389	29979
6389	6653
6389	2
6389	23621
6389	23385
6389	1636
6389	5328
6389	4035
6389	12
6389	4846
6389	3416
6389	1471
6389	23646
6389	84570
6389	102
6389	3552
6389	4973
6389	7124
6389	3028
6389	323
6389	54209
6389	1627
6389	322
6389	834
6389	4353
6389	10580
6389	4550
6389	321
6389	7024
6389	7064
6389	320
6389	2896
6389	2186
6389	114548
6389	5300
6389	4311
6389	2597
6389	79865
6389	1191
6389	246744
6389	7018
6389	7314
6389	4535
6389	3077
6389	1565
6389	642
6389	2629
6389	4513
6389	10105
6389	3084
6389	2932
6389	1859
6389	20
6389	590
6389	3290
6389	7040
6389	51083
6389	2827
6389	8301
6389	25797
6389	83464
6389	945
6389	6311
6389	10307
6389	836
6389	355
6389	959
6389	4851
6389	5653
6389	4512
6389	9846
6389	7422
6389	5978
6389	23411
6389	333
6389	1071
6389	958
6389	3356
6389	120892
6389	3630
6389	2739
6389	5967
6389	26330
6389	177
6389	255022
6389	1511
6389	4504
6389	10858
6389	51118
6389	54103
6389	4223
6389	1718
6389	729230
6389	3075
6389	1270
6389	6315
6389	627
6389	3105
6389	3162
6389	2048
6389	4843
6389	10288
6389	100379571
6389	1312
6389	2243
6389	23627
6389	6532
6389	1889
6389	1139
6389	54822
6389	7436
6389	407024
6389	407021
6389	8678
6389	3066
6389	5649
6389	2100
6389	1103
6389	4914
6389	19
6389	10059
6389	5144
6389	1827
6389	2931
6389	10787
6389	857
6389	2353
6389	8851
6389	114815
6389	6646
6389	1588
6389	721
6389	90637
6389	81559
6389	2274
6389	22976
6389	7447
6389	81618
6389	55851
6389	29119
6389	81847
6389	4543
6389	283556
6389	406938
6389	130617
6389	442907
6389	653308
6389	4967
6389	55680
6389	128434
6389	347731
6389	3358
6389	5730
6389	5337
6389	3350
6389	1508
6389	1392
6389	5071
6389	1410
6389	4747
6389	2670
6389	8878
6389	618
6389	6648
6389	4572
6389	8564
6389	25825
6389	1384
6389	3553
6389	9910
6389	7345
6389	215
6389	551
6389	7048
6389	6506
6389	3479
6389	9627
6389	2752
6389	58157
6389	824
6389	81532
6389	9546
6389	841
6389	2934
6389	3178
6389	10280
6389	27235
6389	1356
6389	4576
6389	567
6389	5580
6389	6623
6389	10524
6390	351
6390	5663
6390	348
6390	5664
6390	4137
6390	5621
6390	6622
6390	29979
6390	6653
6390	2
6390	23621
6390	23385
6390	1636
6390	5328
6390	4035
6390	12
6390	4846
6390	3416
6390	1471
6390	23646
6390	84570
6390	102
6390	3552
6390	4973
6390	7124
6390	3028
6390	323
6390	54209
6390	1627
6390	322
6390	834
6390	4353
6390	10580
6390	4550
6390	321
6390	7024
6390	7064
6390	320
6390	2896
6390	2186
6390	114548
6390	5300
6390	4311
6390	2597
6390	79865
6390	1191
6390	246744
6390	7018
6390	7314
6390	4535
6390	3077
6390	1565
6390	642
6390	2629
6390	4513
6390	10105
6390	3084
6390	2932
6390	1859
6390	20
6390	590
6390	3290
6390	7040
6390	51083
6390	2827
6390	8301
6390	25797
6390	83464
6390	945
6390	6311
6390	10307
6390	836
6390	355
6390	959
6390	4851
6390	5653
6390	4512
6390	9846
6390	7422
6390	5978
6390	23411
6390	333
6390	1071
6390	958
6390	3356
6390	120892
6390	3630
6390	2739
6390	5967
6390	26330
6390	177
6390	255022
6390	1511
6390	4504
6390	10858
6390	51118
6390	54103
6390	4223
6390	1718
6390	729230
6390	3075
6390	1270
6390	6315
6390	627
6390	3105
6390	3162
6390	2048
6390	4843
6390	10288
6390	100379571
6390	1312
6390	2243
6390	23627
6390	6532
6390	1889
6390	1139
6390	54822
6390	7436
6390	407024
6390	407021
6390	8678
6390	3066
6390	5649
6390	2100
6390	1103
6390	4914
6390	19
6390	10059
6390	5144
6390	1827
6390	2931
6390	10787
6390	857
6390	2353
6390	8851
6390	114815
6390	6646
6390	1588
6390	721
6390	90637
6390	81559
6390	2274
6390	22976
6390	7447
6390	81618
6390	55851
6390	29119
6390	81847
6390	4543
6390	283556
6390	406938
6390	130617
6390	442907
6390	653308
6390	4967
6390	55680
6390	128434
6390	347731
6390	3358
6390	5730
6390	5337
6390	3350
6390	1508
6390	1392
6390	5071
6390	1410
6390	4747
6390	2670
6390	8878
6390	618
6390	6648
6390	4572
6390	8564
6390	25825
6390	1384
6390	3553
6390	9910
6390	7345
6390	215
6390	551
6390	7048
6390	6506
6390	3479
6390	9627
6390	2752
6390	58157
6390	824
6390	81532
6390	9546
6390	841
6390	2934
6390	3178
6390	10280
6390	27235
6390	1356
6390	4576
6390	567
6390	5580
6390	6623
6390	10524
6391	351
6391	5663
6391	348
6391	5664
6391	4137
6391	5621
6391	6622
6391	29979
6391	6653
6391	2
6391	23621
6391	23385
6391	1636
6391	5328
6391	4035
6391	12
6391	4846
6391	3416
6391	1471
6391	23646
6391	84570
6391	102
6391	3552
6391	4973
6391	7124
6391	3028
6391	323
6391	54209
6391	1627
6391	322
6391	834
6391	4353
6391	10580
6391	4550
6391	321
6391	7024
6391	7064
6391	320
6391	2896
6391	2186
6391	114548
6391	5300
6391	4311
6391	2597
6391	79865
6391	1191
6391	246744
6391	7018
6391	7314
6391	4535
6391	3077
6391	1565
6391	642
6391	2629
6391	4513
6391	10105
6391	3084
6391	2932
6391	1859
6391	20
6391	590
6391	3290
6391	7040
6391	51083
6391	2827
6391	8301
6391	25797
6391	83464
6391	945
6391	6311
6391	10307
6391	836
6391	355
6391	959
6391	4851
6391	5653
6391	4512
6391	9846
6391	7422
6391	5978
6391	23411
6391	333
6391	1071
6391	958
6391	3356
6391	120892
6391	3630
6391	2739
6391	5967
6391	26330
6391	177
6391	255022
6391	1511
6391	4504
6391	10858
6391	51118
6391	54103
6391	4223
6391	1718
6391	729230
6391	3075
6391	1270
6391	6315
6391	627
6391	3105
6391	3162
6391	2048
6391	4843
6391	10288
6391	100379571
6391	1312
6391	2243
6391	23627
6391	6532
6391	1889
6391	1139
6391	54822
6391	7436
6391	407024
6391	407021
6391	8678
6391	3066
6391	5649
6391	2100
6391	1103
6391	4914
6391	19
6391	10059
6391	5144
6391	1827
6391	2931
6391	10787
6391	857
6391	2353
6391	8851
6391	114815
6391	6646
6391	1588
6391	721
6391	90637
6391	81559
6391	2274
6391	22976
6391	7447
6391	81618
6391	55851
6391	29119
6391	81847
6391	4543
6391	283556
6391	406938
6391	130617
6391	442907
6391	653308
6391	4967
6391	55680
6391	128434
6391	347731
6391	3358
6391	5730
6391	5337
6391	3350
6391	1508
6391	1392
6391	5071
6391	1410
6391	4747
6391	2670
6391	8878
6391	618
6391	6648
6391	4572
6391	8564
6391	25825
6391	1384
6391	3553
6391	9910
6391	7345
6391	215
6391	551
6391	7048
6391	6506
6391	3479
6391	9627
6391	2752
6391	58157
6391	824
6391	81532
6391	9546
6391	841
6391	2934
6391	3178
6391	10280
6391	27235
6391	1356
6391	4576
6391	567
6391	5580
6391	6623
6391	10524
6392	351
6392	5663
6392	348
6392	5664
6392	4137
6392	5621
6392	6622
6392	29979
6392	6653
6392	2
6392	23621
6392	23385
6392	1636
6392	5328
6392	4035
6392	12
6392	4846
6392	3416
6392	1471
6392	23646
6392	84570
6392	102
6392	3552
6392	4973
6392	7124
6392	3028
6392	323
6392	54209
6392	1627
6392	322
6392	834
6392	4353
6392	10580
6392	4550
6392	321
6392	7024
6392	7064
6392	320
6392	2896
6392	2186
6392	114548
6392	5300
6392	4311
6392	2597
6392	79865
6392	1191
6392	246744
6392	7018
6392	7314
6392	4535
6392	3077
6392	1565
6392	642
6392	2629
6392	4513
6392	10105
6392	3084
6392	2932
6392	1859
6392	20
6392	590
6392	3290
6392	7040
6392	51083
6392	2827
6392	8301
6392	25797
6392	83464
6392	945
6392	6311
6392	10307
6392	836
6392	355
6392	959
6392	4851
6392	5653
6392	4512
6392	9846
6392	7422
6392	5978
6392	23411
6392	333
6392	1071
6392	958
6392	3356
6392	120892
6392	3630
6392	2739
6392	5967
6392	26330
6392	177
6392	255022
6392	1511
6392	4504
6392	10858
6392	51118
6392	54103
6392	4223
6392	1718
6392	729230
6392	3075
6392	1270
6392	6315
6392	627
6392	3105
6392	3162
6392	2048
6392	4843
6392	10288
6392	100379571
6392	1312
6392	2243
6392	23627
6392	6532
6392	1889
6392	1139
6392	54822
6392	7436
6392	407024
6392	407021
6392	8678
6392	3066
6392	5649
6392	2100
6392	1103
6392	4914
6392	19
6392	10059
6392	5144
6392	1827
6392	2931
6392	10787
6392	857
6392	2353
6392	8851
6392	114815
6392	6646
6392	1588
6392	721
6392	90637
6392	81559
6392	2274
6392	22976
6392	7447
6392	81618
6392	55851
6392	29119
6392	81847
6392	4543
6392	283556
6392	406938
6392	130617
6392	442907
6392	653308
6392	4967
6392	55680
6392	128434
6392	347731
6392	3358
6392	5730
6392	5337
6392	3350
6392	1508
6392	1392
6392	5071
6392	1410
6392	4747
6392	2670
6392	8878
6392	618
6392	6648
6392	4572
6392	8564
6392	25825
6392	1384
6392	3553
6392	9910
6392	7345
6392	215
6392	551
6392	7048
6392	6506
6392	3479
6392	9627
6392	2752
6392	58157
6392	824
6392	81532
6392	9546
6392	841
6392	2934
6392	3178
6392	10280
6392	27235
6392	1356
6392	4576
6392	567
6392	5580
6392	6623
6392	10524
64064	351
64064	5663
64064	348
64064	5664
64064	4137
64064	5621
64064	6622
64064	29979
64064	6653
64064	2
64064	23621
64064	23385
64064	1636
64064	5328
64064	4035
64064	12
64064	4846
64064	3416
64064	1471
64064	23646
64064	84570
64064	102
64064	3552
64064	4973
64064	7124
64064	3028
64064	323
64064	54209
64064	1627
64064	322
64064	834
64064	4353
64064	10580
64064	4550
64064	321
64064	7024
64064	7064
64064	320
64064	2896
64064	2186
64064	114548
64064	5300
64064	4311
64064	2597
64064	79865
64064	1191
64064	246744
64064	7018
64064	7314
64064	4535
64064	3077
64064	1565
64064	642
64064	2629
64064	4513
64064	10105
64064	3084
64064	2932
64064	1859
64064	20
64064	590
64064	3290
64064	7040
64064	51083
64064	2827
64064	8301
64064	25797
64064	83464
64064	945
64064	6311
64064	10307
64064	836
64064	355
64064	959
64064	4851
64064	5653
64064	4512
64064	9846
64064	7422
64064	5978
64064	23411
64064	333
64064	1071
64064	958
64064	3356
64064	120892
64064	3630
64064	2739
64064	5967
64064	26330
64064	177
64064	255022
64064	1511
64064	4504
64064	10858
64064	51118
64064	54103
64064	4223
64064	1718
64064	729230
64064	3075
64064	1270
64064	6315
64064	627
64064	3105
64064	3162
64064	2048
64064	4843
64064	10288
64064	100379571
64064	1312
64064	2243
64064	23627
64064	6532
64064	1889
64064	1139
64064	54822
64064	7436
64064	407024
64064	407021
64064	8678
64064	3066
64064	5649
64064	2100
64064	1103
64064	4914
64064	19
64064	10059
64064	5144
64064	1827
64064	2931
64064	10787
64064	857
64064	2353
64064	8851
64064	114815
64064	6646
64064	1588
64064	721
64064	90637
64064	81559
64064	2274
64064	22976
64064	7447
64064	81618
64064	55851
64064	29119
64064	81847
64064	4543
64064	283556
64064	406938
64064	130617
64064	442907
64064	653308
64064	4967
64064	55680
64064	128434
64064	347731
64064	3358
64064	5730
64064	5337
64064	3350
64064	1508
64064	1392
64064	5071
64064	1410
64064	4747
64064	2670
64064	8878
64064	618
64064	6648
64064	4572
64064	8564
64064	25825
64064	1384
64064	3553
64064	9910
64064	7345
64064	215
64064	551
64064	7048
64064	6506
64064	3479
64064	9627
64064	2752
64064	58157
64064	824
64064	81532
64064	9546
64064	841
64064	2934
64064	3178
64064	10280
64064	27235
64064	1356
64064	4576
64064	567
64064	5580
64064	6623
64064	10524
64175	351
64175	5663
64175	348
64175	5664
64175	4137
64175	5621
64175	6622
64175	29979
64175	6653
64175	2
64175	23621
64175	23385
64175	1636
64175	5328
64175	4035
64175	12
64175	4846
64175	3416
64175	1471
64175	23646
64175	84570
64175	102
64175	3552
64175	4973
64175	7124
64175	3028
64175	323
64175	54209
64175	1627
64175	322
64175	834
64175	4353
64175	10580
64175	4550
64175	321
64175	7024
64175	7064
64175	320
64175	2896
64175	2186
64175	114548
64175	5300
64175	4311
64175	2597
64175	79865
64175	1191
64175	246744
64175	7018
64175	7314
64175	4535
64175	3077
64175	1565
64175	642
64175	2629
64175	4513
64175	10105
64175	3084
64175	2932
64175	1859
64175	20
64175	590
64175	3290
64175	7040
64175	51083
64175	2827
64175	8301
64175	25797
64175	83464
64175	945
64175	6311
64175	10307
64175	836
64175	355
64175	959
64175	4851
64175	5653
64175	4512
64175	9846
64175	7422
64175	5978
64175	23411
64175	333
64175	1071
64175	958
64175	3356
64175	120892
64175	3630
64175	2739
64175	5967
64175	26330
64175	177
64175	255022
64175	1511
64175	4504
64175	10858
64175	51118
64175	54103
64175	4223
64175	1718
64175	729230
64175	3075
64175	1270
64175	6315
64175	627
64175	3105
64175	3162
64175	2048
64175	4843
64175	10288
64175	100379571
64175	1312
64175	2243
64175	23627
64175	6532
64175	1889
64175	1139
64175	54822
64175	7436
64175	407024
64175	407021
64175	8678
64175	3066
64175	5649
64175	2100
64175	1103
64175	4914
64175	19
64175	10059
64175	5144
64175	1827
64175	2931
64175	10787
64175	857
64175	2353
64175	8851
64175	114815
64175	6646
64175	1588
64175	721
64175	90637
64175	81559
64175	2274
64175	22976
64175	7447
64175	81618
64175	55851
64175	29119
64175	81847
64175	4543
64175	283556
64175	406938
64175	130617
64175	442907
64175	653308
64175	4967
64175	55680
64175	128434
64175	347731
64175	3358
64175	5730
64175	5337
64175	3350
64175	1508
64175	1392
64175	5071
64175	1410
64175	4747
64175	2670
64175	8878
64175	618
64175	6648
64175	4572
64175	8564
64175	25825
64175	1384
64175	3553
64175	9910
64175	7345
64175	215
64175	551
64175	7048
64175	6506
64175	3479
64175	9627
64175	2752
64175	58157
64175	824
64175	81532
64175	9546
64175	841
64175	2934
64175	3178
64175	10280
64175	27235
64175	1356
64175	4576
64175	567
64175	5580
64175	6623
64175	10524
64849	351
64849	5663
64849	348
64849	5664
64849	4137
64849	5621
64849	6622
64849	29979
64849	6653
64849	2
64849	23621
64849	23385
64849	1636
64849	5328
64849	4035
64849	12
64849	4846
64849	3416
64849	1471
64849	23646
64849	84570
64849	102
64849	3552
64849	4973
64849	7124
64849	3028
64849	323
64849	54209
64849	1627
64849	322
64849	834
64849	4353
64849	10580
64849	4550
64849	321
64849	7024
64849	7064
64849	320
64849	2896
64849	2186
64849	114548
64849	5300
64849	4311
64849	2597
64849	79865
64849	1191
64849	246744
64849	7018
64849	7314
64849	4535
64849	3077
64849	1565
64849	642
64849	2629
64849	4513
64849	10105
64849	3084
64849	2932
64849	1859
64849	20
64849	590
64849	3290
64849	7040
64849	51083
64849	2827
64849	8301
64849	25797
64849	83464
64849	945
64849	6311
64849	10307
64849	836
64849	355
64849	959
64849	4851
64849	5653
64849	4512
64849	9846
64849	7422
64849	5978
64849	23411
64849	333
64849	1071
64849	958
64849	3356
64849	120892
64849	3630
64849	2739
64849	5967
64849	26330
64849	177
64849	255022
64849	1511
64849	4504
64849	10858
64849	51118
64849	54103
64849	4223
64849	1718
64849	729230
64849	3075
64849	1270
64849	6315
64849	627
64849	3105
64849	3162
64849	2048
64849	4843
64849	10288
64849	100379571
64849	1312
64849	2243
64849	23627
64849	6532
64849	1889
64849	1139
64849	54822
64849	7436
64849	407024
64849	407021
64849	8678
64849	3066
64849	5649
64849	2100
64849	1103
64849	4914
64849	19
64849	10059
64849	5144
64849	1827
64849	2931
64849	10787
64849	857
64849	2353
64849	8851
64849	114815
64849	6646
64849	1588
64849	721
64849	90637
64849	81559
64849	2274
64849	22976
64849	7447
64849	81618
64849	55851
64849	29119
64849	81847
64849	4543
64849	283556
64849	406938
64849	130617
64849	442907
64849	653308
64849	4967
64849	55680
64849	128434
64849	347731
64849	3358
64849	5730
64849	5337
64849	3350
64849	1508
64849	1392
64849	5071
64849	1410
64849	4747
64849	2670
64849	8878
64849	618
64849	6648
64849	4572
64849	8564
64849	25825
64849	1384
64849	3553
64849	9910
64849	7345
64849	215
64849	551
64849	7048
64849	6506
64849	3479
64849	9627
64849	2752
64849	58157
64849	824
64849	81532
64849	9546
64849	841
64849	2934
64849	3178
64849	10280
64849	27235
64849	1356
64849	4576
64849	567
64849	5580
64849	6623
64849	10524
6561	351
6561	5663
6561	348
6561	5664
6561	4137
6561	5621
6561	6622
6561	29979
6561	6653
6561	2
6561	23621
6561	23385
6561	1636
6561	5328
6561	4035
6561	12
6561	4846
6561	3416
6561	1471
6561	23646
6561	84570
6561	102
6561	3552
6561	4973
6561	7124
6561	3028
6561	323
6561	54209
6561	1627
6561	322
6561	834
6561	4353
6561	10580
6561	4550
6561	321
6561	7024
6561	7064
6561	320
6561	2896
6561	2186
6561	114548
6561	5300
6561	4311
6561	2597
6561	79865
6561	1191
6561	246744
6561	7018
6561	7314
6561	4535
6561	3077
6561	1565
6561	642
6561	2629
6561	4513
6561	10105
6561	3084
6561	2932
6561	1859
6561	20
6561	590
6561	3290
6561	7040
6561	51083
6561	2827
6561	8301
6561	25797
6561	83464
6561	945
6561	6311
6561	10307
6561	836
6561	355
6561	959
6561	4851
6561	5653
6561	4512
6561	9846
6561	7422
6561	5978
6561	23411
6561	333
6561	1071
6561	958
6561	3356
6561	120892
6561	3630
6561	2739
6561	5967
6561	26330
6561	177
6561	255022
6561	1511
6561	4504
6561	10858
6561	51118
6561	54103
6561	4223
6561	1718
6561	729230
6561	3075
6561	1270
6561	6315
6561	627
6561	3105
6561	3162
6561	2048
6561	4843
6561	10288
6561	100379571
6561	1312
6561	2243
6561	23627
6561	6532
6561	1889
6561	1139
6561	54822
6561	7436
6561	407024
6561	407021
6561	8678
6561	3066
6561	5649
6561	2100
6561	1103
6561	4914
6561	19
6561	10059
6561	5144
6561	1827
6561	2931
6561	10787
6561	857
6561	2353
6561	8851
6561	114815
6561	6646
6561	1588
6561	721
6561	90637
6561	81559
6561	2274
6561	22976
6561	7447
6561	81618
6561	55851
6561	29119
6561	81847
6561	4543
6561	283556
6561	406938
6561	130617
6561	442907
6561	653308
6561	4967
6561	55680
6561	128434
6561	347731
6561	3358
6561	5730
6561	5337
6561	3350
6561	1508
6561	1392
6561	5071
6561	1410
6561	4747
6561	2670
6561	8878
6561	618
6561	6648
6561	4572
6561	8564
6561	25825
6561	1384
6561	3553
6561	9910
6561	7345
6561	215
6561	551
6561	7048
6561	6506
6561	3479
6561	9627
6561	2752
6561	58157
6561	824
6561	81532
6561	9546
6561	841
6561	2934
6561	3178
6561	10280
6561	27235
6561	1356
6561	4576
6561	567
6561	5580
6561	6623
6561	10524
7915	351
7915	5663
7915	348
7915	5664
7915	4137
7915	5621
7915	6622
7915	29979
7915	6653
7915	2
7915	23621
7915	23385
7915	1636
7915	5328
7915	4035
7915	12
7915	4846
7915	3416
7915	1471
7915	23646
7915	84570
7915	102
7915	3552
7915	4973
7915	7124
7915	3028
7915	323
7915	54209
7915	1627
7915	322
7915	834
7915	4353
7915	10580
7915	4550
7915	321
7915	7024
7915	7064
7915	320
7915	2896
7915	2186
7915	114548
7915	5300
7915	4311
7915	2597
7915	79865
7915	1191
7915	246744
7915	7018
7915	7314
7915	4535
7915	3077
7915	1565
7915	642
7915	2629
7915	4513
7915	10105
7915	3084
7915	2932
7915	1859
7915	20
7915	590
7915	3290
7915	7040
7915	51083
7915	2827
7915	8301
7915	25797
7915	83464
7915	945
7915	6311
7915	10307
7915	836
7915	355
7915	959
7915	4851
7915	5653
7915	4512
7915	9846
7915	7422
7915	5978
7915	23411
7915	333
7915	1071
7915	958
7915	3356
7915	120892
7915	3630
7915	2739
7915	5967
7915	26330
7915	177
7915	255022
7915	1511
7915	4504
7915	10858
7915	51118
7915	54103
7915	4223
7915	1718
7915	729230
7915	3075
7915	1270
7915	6315
7915	627
7915	3105
7915	3162
7915	2048
7915	4843
7915	10288
7915	100379571
7915	1312
7915	2243
7915	23627
7915	6532
7915	1889
7915	1139
7915	54822
7915	7436
7915	407024
7915	407021
7915	8678
7915	3066
7915	5649
7915	2100
7915	1103
7915	4914
7915	19
7915	10059
7915	5144
7915	1827
7915	2931
7915	10787
7915	857
7915	2353
7915	8851
7915	114815
7915	6646
7915	1588
7915	721
7915	90637
7915	81559
7915	2274
7915	22976
7915	7447
7915	81618
7915	55851
7915	29119
7915	81847
7915	4543
7915	283556
7915	406938
7915	130617
7915	442907
7915	653308
7915	4967
7915	55680
7915	128434
7915	347731
7915	3358
7915	5730
7915	5337
7915	3350
7915	1508
7915	1392
7915	5071
7915	1410
7915	4747
7915	2670
7915	8878
7915	618
7915	6648
7915	4572
7915	8564
7915	25825
7915	1384
7915	3553
7915	9910
7915	7345
7915	215
7915	551
7915	7048
7915	6506
7915	3479
7915	9627
7915	2752
7915	58157
7915	824
7915	81532
7915	9546
7915	841
7915	2934
7915	3178
7915	10280
7915	27235
7915	1356
7915	4576
7915	567
7915	5580
7915	6623
7915	10524
8424	351
8424	5663
8424	348
8424	5664
8424	4137
8424	5621
8424	6622
8424	29979
8424	6653
8424	2
8424	23621
8424	23385
8424	1636
8424	5328
8424	4035
8424	12
8424	4846
8424	3416
8424	1471
8424	23646
8424	84570
8424	102
8424	3552
8424	4973
8424	7124
8424	3028
8424	323
8424	54209
8424	1627
8424	322
8424	834
8424	4353
8424	10580
8424	4550
8424	321
8424	7024
8424	7064
8424	320
8424	2896
8424	2186
8424	114548
8424	5300
8424	4311
8424	2597
8424	79865
8424	1191
8424	246744
8424	7018
8424	7314
8424	4535
8424	3077
8424	1565
8424	642
8424	2629
8424	4513
8424	10105
8424	3084
8424	2932
8424	1859
8424	20
8424	590
8424	3290
8424	7040
8424	51083
8424	2827
8424	8301
8424	25797
8424	83464
8424	945
8424	6311
8424	10307
8424	836
8424	355
8424	959
8424	4851
8424	5653
8424	4512
8424	9846
8424	7422
8424	5978
8424	23411
8424	333
8424	1071
8424	958
8424	3356
8424	120892
8424	3630
8424	2739
8424	5967
8424	26330
8424	177
8424	255022
8424	1511
8424	4504
8424	10858
8424	51118
8424	54103
8424	4223
8424	1718
8424	729230
8424	3075
8424	1270
8424	6315
8424	627
8424	3105
8424	3162
8424	2048
8424	4843
8424	10288
8424	100379571
8424	1312
8424	2243
8424	23627
8424	6532
8424	1889
8424	1139
8424	54822
8424	7436
8424	407024
8424	407021
8424	8678
8424	3066
8424	5649
8424	2100
8424	1103
8424	4914
8424	19
8424	10059
8424	5144
8424	1827
8424	2931
8424	10787
8424	857
8424	2353
8424	8851
8424	114815
8424	6646
8424	1588
8424	721
8424	90637
8424	81559
8424	2274
8424	22976
8424	7447
8424	81618
8424	55851
8424	29119
8424	81847
8424	4543
8424	283556
8424	406938
8424	130617
8424	442907
8424	653308
8424	4967
8424	55680
8424	128434
8424	347731
8424	3358
8424	5730
8424	5337
8424	3350
8424	1508
8424	1392
8424	5071
8424	1410
8424	4747
8424	2670
8424	8878
8424	618
8424	6648
8424	4572
8424	8564
8424	25825
8424	1384
8424	3553
8424	9910
8424	7345
8424	215
8424	551
8424	7048
8424	6506
8424	3479
8424	9627
8424	2752
8424	58157
8424	824
8424	81532
8424	9546
8424	841
8424	2934
8424	3178
8424	10280
8424	27235
8424	1356
8424	4576
8424	567
8424	5580
8424	6623
8424	10524
8630	351
8630	5663
8630	348
8630	5664
8630	4137
8630	5621
8630	6622
8630	29979
8630	6653
8630	2
8630	23621
8630	23385
8630	1636
8630	5328
8630	4035
8630	12
8630	4846
8630	3416
8630	1471
8630	23646
8630	84570
8630	102
8630	3552
8630	4973
8630	7124
8630	3028
8630	323
8630	54209
8630	1627
8630	322
8630	834
8630	4353
8630	10580
8630	4550
8630	321
8630	7024
8630	7064
8630	320
8630	2896
8630	2186
8630	114548
8630	5300
8630	4311
8630	2597
8630	79865
8630	1191
8630	246744
8630	7018
8630	7314
8630	4535
8630	3077
8630	1565
8630	642
8630	2629
8630	4513
8630	10105
8630	3084
8630	2932
8630	1859
8630	20
8630	590
8630	3290
8630	7040
8630	51083
8630	2827
8630	8301
8630	25797
8630	83464
8630	945
8630	6311
8630	10307
8630	836
8630	355
8630	959
8630	4851
8630	5653
8630	4512
8630	9846
8630	7422
8630	5978
8630	23411
8630	333
8630	1071
8630	958
8630	3356
8630	120892
8630	3630
8630	2739
8630	5967
8630	26330
8630	177
8630	255022
8630	1511
8630	4504
8630	10858
8630	51118
8630	54103
8630	4223
8630	1718
8630	729230
8630	3075
8630	1270
8630	6315
8630	627
8630	3105
8630	3162
8630	2048
8630	4843
8630	10288
8630	100379571
8630	1312
8630	2243
8630	23627
8630	6532
8630	1889
8630	1139
8630	54822
8630	7436
8630	407024
8630	407021
8630	8678
8630	3066
8630	5649
8630	2100
8630	1103
8630	4914
8630	19
8630	10059
8630	5144
8630	1827
8630	2931
8630	10787
8630	857
8630	2353
8630	8851
8630	114815
8630	6646
8630	1588
8630	721
8630	90637
8630	81559
8630	2274
8630	22976
8630	7447
8630	81618
8630	55851
8630	29119
8630	81847
8630	4543
8630	283556
8630	406938
8630	130617
8630	442907
8630	653308
8630	4967
8630	55680
8630	128434
8630	347731
8630	3358
8630	5730
8630	5337
8630	3350
8630	1508
8630	1392
8630	5071
8630	1410
8630	4747
8630	2670
8630	8878
8630	618
8630	6648
8630	4572
8630	8564
8630	25825
8630	1384
8630	3553
8630	9910
8630	7345
8630	215
8630	551
8630	7048
8630	6506
8630	3479
8630	9627
8630	2752
8630	58157
8630	824
8630	81532
8630	9546
8630	841
8630	2934
8630	3178
8630	10280
8630	27235
8630	1356
8630	4576
8630	567
8630	5580
8630	6623
8630	10524
8801	351
8801	5663
8801	348
8801	5664
8801	4137
8801	5621
8801	6622
8801	29979
8801	6653
8801	2
8801	23621
8801	23385
8801	1636
8801	5328
8801	4035
8801	12
8801	4846
8801	3416
8801	1471
8801	23646
8801	84570
8801	102
8801	3552
8801	4973
8801	7124
8801	3028
8801	323
8801	54209
8801	1627
8801	322
8801	834
8801	4353
8801	10580
8801	4550
8801	321
8801	7024
8801	7064
8801	320
8801	2896
8801	2186
8801	114548
8801	5300
8801	4311
8801	2597
8801	79865
8801	1191
8801	246744
8801	7018
8801	7314
8801	4535
8801	3077
8801	1565
8801	642
8801	2629
8801	4513
8801	10105
8801	3084
8801	2932
8801	1859
8801	20
8801	590
8801	3290
8801	7040
8801	51083
8801	2827
8801	8301
8801	25797
8801	83464
8801	945
8801	6311
8801	10307
8801	836
8801	355
8801	959
8801	4851
8801	5653
8801	4512
8801	9846
8801	7422
8801	5978
8801	23411
8801	333
8801	1071
8801	958
8801	3356
8801	120892
8801	3630
8801	2739
8801	5967
8801	26330
8801	177
8801	255022
8801	1511
8801	4504
8801	10858
8801	51118
8801	54103
8801	4223
8801	1718
8801	729230
8801	3075
8801	1270
8801	6315
8801	627
8801	3105
8801	3162
8801	2048
8801	4843
8801	10288
8801	100379571
8801	1312
8801	2243
8801	23627
8801	6532
8801	1889
8801	1139
8801	54822
8801	7436
8801	407024
8801	407021
8801	8678
8801	3066
8801	5649
8801	2100
8801	1103
8801	4914
8801	19
8801	10059
8801	5144
8801	1827
8801	2931
8801	10787
8801	857
8801	2353
8801	8851
8801	114815
8801	6646
8801	1588
8801	721
8801	90637
8801	81559
8801	2274
8801	22976
8801	7447
8801	81618
8801	55851
8801	29119
8801	81847
8801	4543
8801	283556
8801	406938
8801	130617
8801	442907
8801	653308
8801	4967
8801	55680
8801	128434
8801	347731
8801	3358
8801	5730
8801	5337
8801	3350
8801	1508
8801	1392
8801	5071
8801	1410
8801	4747
8801	2670
8801	8878
8801	618
8801	6648
8801	4572
8801	8564
8801	25825
8801	1384
8801	3553
8801	9910
8801	7345
8801	215
8801	551
8801	7048
8801	6506
8801	3479
8801	9627
8801	2752
8801	58157
8801	824
8801	81532
8801	9546
8801	841
8801	2934
8801	3178
8801	10280
8801	27235
8801	1356
8801	4576
8801	567
8801	5580
8801	6623
8801	10524
8802	351
8802	5663
8802	348
8802	5664
8802	4137
8802	5621
8802	6622
8802	29979
8802	6653
8802	2
8802	23621
8802	23385
8802	1636
8802	5328
8802	4035
8802	12
8802	4846
8802	3416
8802	1471
8802	23646
8802	84570
8802	102
8802	3552
8802	4973
8802	7124
8802	3028
8802	323
8802	54209
8802	1627
8802	322
8802	834
8802	4353
8802	10580
8802	4550
8802	321
8802	7024
8802	7064
8802	320
8802	2896
8802	2186
8802	114548
8802	5300
8802	4311
8802	2597
8802	79865
8802	1191
8802	246744
8802	7018
8802	7314
8802	4535
8802	3077
8802	1565
8802	642
8802	2629
8802	4513
8802	10105
8802	3084
8802	2932
8802	1859
8802	20
8802	590
8802	3290
8802	7040
8802	51083
8802	2827
8802	8301
8802	25797
8802	83464
8802	945
8802	6311
8802	10307
8802	836
8802	355
8802	959
8802	4851
8802	5653
8802	4512
8802	9846
8802	7422
8802	5978
8802	23411
8802	333
8802	1071
8802	958
8802	3356
8802	120892
8802	3630
8802	2739
8802	5967
8802	26330
8802	177
8802	255022
8802	1511
8802	4504
8802	10858
8802	51118
8802	54103
8802	4223
8802	1718
8802	729230
8802	3075
8802	1270
8802	6315
8802	627
8802	3105
8802	3162
8802	2048
8802	4843
8802	10288
8802	100379571
8802	1312
8802	2243
8802	23627
8802	6532
8802	1889
8802	1139
8802	54822
8802	7436
8802	407024
8802	407021
8802	8678
8802	3066
8802	5649
8802	2100
8802	1103
8802	4914
8802	19
8802	10059
8802	5144
8802	1827
8802	2931
8802	10787
8802	857
8802	2353
8802	8851
8802	114815
8802	6646
8802	1588
8802	721
8802	90637
8802	81559
8802	2274
8802	22976
8802	7447
8802	81618
8802	55851
8802	29119
8802	81847
8802	4543
8802	283556
8802	406938
8802	130617
8802	442907
8802	653308
8802	4967
8802	55680
8802	128434
8802	347731
8802	3358
8802	5730
8802	5337
8802	3350
8802	1508
8802	1392
8802	5071
8802	1410
8802	4747
8802	2670
8802	8878
8802	618
8802	6648
8802	4572
8802	8564
8802	25825
8802	1384
8802	3553
8802	9910
8802	7345
8802	215
8802	551
8802	7048
8802	6506
8802	3479
8802	9627
8802	2752
8802	58157
8802	824
8802	81532
8802	9546
8802	841
8802	2934
8802	3178
8802	10280
8802	27235
8802	1356
8802	4576
8802	567
8802	5580
8802	6623
8802	10524
8803	351
8803	5663
8803	348
8803	5664
8803	4137
8803	5621
8803	6622
8803	29979
8803	6653
8803	2
8803	23621
8803	23385
8803	1636
8803	5328
8803	4035
8803	12
8803	4846
8803	3416
8803	1471
8803	23646
8803	84570
8803	102
8803	3552
8803	4973
8803	7124
8803	3028
8803	323
8803	54209
8803	1627
8803	322
8803	834
8803	4353
8803	10580
8803	4550
8803	321
8803	7024
8803	7064
8803	320
8803	2896
8803	2186
8803	114548
8803	5300
8803	4311
8803	2597
8803	79865
8803	1191
8803	246744
8803	7018
8803	7314
8803	4535
8803	3077
8803	1565
8803	642
8803	2629
8803	4513
8803	10105
8803	3084
8803	2932
8803	1859
8803	20
8803	590
8803	3290
8803	7040
8803	51083
8803	2827
8803	8301
8803	25797
8803	83464
8803	945
8803	6311
8803	10307
8803	836
8803	355
8803	959
8803	4851
8803	5653
8803	4512
8803	9846
8803	7422
8803	5978
8803	23411
8803	333
8803	1071
8803	958
8803	3356
8803	120892
8803	3630
8803	2739
8803	5967
8803	26330
8803	177
8803	255022
8803	1511
8803	4504
8803	10858
8803	51118
8803	54103
8803	4223
8803	1718
8803	729230
8803	3075
8803	1270
8803	6315
8803	627
8803	3105
8803	3162
8803	2048
8803	4843
8803	10288
8803	100379571
8803	1312
8803	2243
8803	23627
8803	6532
8803	1889
8803	1139
8803	54822
8803	7436
8803	407024
8803	407021
8803	8678
8803	3066
8803	5649
8803	2100
8803	1103
8803	4914
8803	19
8803	10059
8803	5144
8803	1827
8803	2931
8803	10787
8803	857
8803	2353
8803	8851
8803	114815
8803	6646
8803	1588
8803	721
8803	90637
8803	81559
8803	2274
8803	22976
8803	7447
8803	81618
8803	55851
8803	29119
8803	81847
8803	4543
8803	283556
8803	406938
8803	130617
8803	442907
8803	653308
8803	4967
8803	55680
8803	128434
8803	347731
8803	3358
8803	5730
8803	5337
8803	3350
8803	1508
8803	1392
8803	5071
8803	1410
8803	4747
8803	2670
8803	8878
8803	618
8803	6648
8803	4572
8803	8564
8803	25825
8803	1384
8803	3553
8803	9910
8803	7345
8803	215
8803	551
8803	7048
8803	6506
8803	3479
8803	9627
8803	2752
8803	58157
8803	824
8803	81532
8803	9546
8803	841
8803	2934
8803	3178
8803	10280
8803	27235
8803	1356
8803	4576
8803	567
8803	5580
8803	6623
8803	10524
8974	351
8974	5663
8974	348
8974	5664
8974	4137
8974	5621
8974	6622
8974	29979
8974	6653
8974	2
8974	23621
8974	23385
8974	1636
8974	5328
8974	4035
8974	12
8974	4846
8974	3416
8974	1471
8974	23646
8974	84570
8974	102
8974	3552
8974	4973
8974	7124
8974	3028
8974	323
8974	54209
8974	1627
8974	322
8974	834
8974	4353
8974	10580
8974	4550
8974	321
8974	7024
8974	7064
8974	320
8974	2896
8974	2186
8974	114548
8974	5300
8974	4311
8974	2597
8974	79865
8974	1191
8974	246744
8974	7018
8974	7314
8974	4535
8974	3077
8974	1565
8974	642
8974	2629
8974	4513
8974	10105
8974	3084
8974	2932
8974	1859
8974	20
8974	590
8974	3290
8974	7040
8974	51083
8974	2827
8974	8301
8974	25797
8974	83464
8974	945
8974	6311
8974	10307
8974	836
8974	355
8974	959
8974	4851
8974	5653
8974	4512
8974	9846
8974	7422
8974	5978
8974	23411
8974	333
8974	1071
8974	958
8974	3356
8974	120892
8974	3630
8974	2739
8974	5967
8974	26330
8974	177
8974	255022
8974	1511
8974	4504
8974	10858
8974	51118
8974	54103
8974	4223
8974	1718
8974	729230
8974	3075
8974	1270
8974	6315
8974	627
8974	3105
8974	3162
8974	2048
8974	4843
8974	10288
8974	100379571
8974	1312
8974	2243
8974	23627
8974	6532
8974	1889
8974	1139
8974	54822
8974	7436
8974	407024
8974	407021
8974	8678
8974	3066
8974	5649
8974	2100
8974	1103
8974	4914
8974	19
8974	10059
8974	5144
8974	1827
8974	2931
8974	10787
8974	857
8974	2353
8974	8851
8974	114815
8974	6646
8974	1588
8974	721
8974	90637
8974	81559
8974	2274
8974	22976
8974	7447
8974	81618
8974	55851
8974	29119
8974	81847
8974	4543
8974	283556
8974	406938
8974	130617
8974	442907
8974	653308
8974	4967
8974	55680
8974	128434
8974	347731
8974	3358
8974	5730
8974	5337
8974	3350
8974	1508
8974	1392
8974	5071
8974	1410
8974	4747
8974	2670
8974	8878
8974	618
8974	6648
8974	4572
8974	8564
8974	25825
8974	1384
8974	3553
8974	9910
8974	7345
8974	215
8974	551
8974	7048
8974	6506
8974	3479
8974	9627
8974	2752
8974	58157
8974	824
8974	81532
8974	9546
8974	841
8974	2934
8974	3178
8974	10280
8974	27235
8974	1356
8974	4576
8974	567
8974	5580
8974	6623
8974	10524
8985	351
8985	5663
8985	348
8985	5664
8985	4137
8985	5621
8985	6622
8985	29979
8985	6653
8985	2
8985	23621
8985	23385
8985	1636
8985	5328
8985	4035
8985	12
8985	4846
8985	3416
8985	1471
8985	23646
8985	84570
8985	102
8985	3552
8985	4973
8985	7124
8985	3028
8985	323
8985	54209
8985	1627
8985	322
8985	834
8985	4353
8985	10580
8985	4550
8985	321
8985	7024
8985	7064
8985	320
8985	2896
8985	2186
8985	114548
8985	5300
8985	4311
8985	2597
8985	79865
8985	1191
8985	246744
8985	7018
8985	7314
8985	4535
8985	3077
8985	1565
8985	642
8985	2629
8985	4513
8985	10105
8985	3084
8985	2932
8985	1859
8985	20
8985	590
8985	3290
8985	7040
8985	51083
8985	2827
8985	8301
8985	25797
8985	83464
8985	945
8985	6311
8985	10307
8985	836
8985	355
8985	959
8985	4851
8985	5653
8985	4512
8985	9846
8985	7422
8985	5978
8985	23411
8985	333
8985	1071
8985	958
8985	3356
8985	120892
8985	3630
8985	2739
8985	5967
8985	26330
8985	177
8985	255022
8985	1511
8985	4504
8985	10858
8985	51118
8985	54103
8985	4223
8985	1718
8985	729230
8985	3075
8985	1270
8985	6315
8985	627
8985	3105
8985	3162
8985	2048
8985	4843
8985	10288
8985	100379571
8985	1312
8985	2243
8985	23627
8985	6532
8985	1889
8985	1139
8985	54822
8985	7436
8985	407024
8985	407021
8985	8678
8985	3066
8985	5649
8985	2100
8985	1103
8985	4914
8985	19
8985	10059
8985	5144
8985	1827
8985	2931
8985	10787
8985	857
8985	2353
8985	8851
8985	114815
8985	6646
8985	1588
8985	721
8985	90637
8985	81559
8985	2274
8985	22976
8985	7447
8985	81618
8985	55851
8985	29119
8985	81847
8985	4543
8985	283556
8985	406938
8985	130617
8985	442907
8985	653308
8985	4967
8985	55680
8985	128434
8985	347731
8985	3358
8985	5730
8985	5337
8985	3350
8985	1508
8985	1392
8985	5071
8985	1410
8985	4747
8985	2670
8985	8878
8985	618
8985	6648
8985	4572
8985	8564
8985	25825
8985	1384
8985	3553
8985	9910
8985	7345
8985	215
8985	551
8985	7048
8985	6506
8985	3479
8985	9627
8985	2752
8985	58157
8985	824
8985	81532
8985	9546
8985	841
8985	2934
8985	3178
8985	10280
8985	27235
8985	1356
8985	4576
8985	567
8985	5580
8985	6623
8985	10524
9058	351
9058	5663
9058	348
9058	5664
9058	4137
9058	5621
9058	6622
9058	29979
9058	6653
9058	2
9058	23621
9058	23385
9058	1636
9058	5328
9058	4035
9058	12
9058	4846
9058	3416
9058	1471
9058	23646
9058	84570
9058	102
9058	3552
9058	4973
9058	7124
9058	3028
9058	323
9058	54209
9058	1627
9058	322
9058	834
9058	4353
9058	10580
9058	4550
9058	321
9058	7024
9058	7064
9058	320
9058	2896
9058	2186
9058	114548
9058	5300
9058	4311
9058	2597
9058	79865
9058	1191
9058	246744
9058	7018
9058	7314
9058	4535
9058	3077
9058	1565
9058	642
9058	2629
9058	4513
9058	10105
9058	3084
9058	2932
9058	1859
9058	20
9058	590
9058	3290
9058	7040
9058	51083
9058	2827
9058	8301
9058	25797
9058	83464
9058	945
9058	6311
9058	10307
9058	836
9058	355
9058	959
9058	4851
9058	5653
9058	4512
9058	9846
9058	7422
9058	5978
9058	23411
9058	333
9058	1071
9058	958
9058	3356
9058	120892
9058	3630
9058	2739
9058	5967
9058	26330
9058	177
9058	255022
9058	1511
9058	4504
9058	10858
9058	51118
9058	54103
9058	4223
9058	1718
9058	729230
9058	3075
9058	1270
9058	6315
9058	627
9058	3105
9058	3162
9058	2048
9058	4843
9058	10288
9058	100379571
9058	1312
9058	2243
9058	23627
9058	6532
9058	1889
9058	1139
9058	54822
9058	7436
9058	407024
9058	407021
9058	8678
9058	3066
9058	5649
9058	2100
9058	1103
9058	4914
9058	19
9058	10059
9058	5144
9058	1827
9058	2931
9058	10787
9058	857
9058	2353
9058	8851
9058	114815
9058	6646
9058	1588
9058	721
9058	90637
9058	81559
9058	2274
9058	22976
9058	7447
9058	81618
9058	55851
9058	29119
9058	81847
9058	4543
9058	283556
9058	406938
9058	130617
9058	442907
9058	653308
9058	4967
9058	55680
9058	128434
9058	347731
9058	3358
9058	5730
9058	5337
9058	3350
9058	1508
9058	1392
9058	5071
9058	1410
9058	4747
9058	2670
9058	8878
9058	618
9058	6648
9058	4572
9058	8564
9058	25825
9058	1384
9058	3553
9058	9910
9058	7345
9058	215
9058	551
9058	7048
9058	6506
9058	3479
9058	9627
9058	2752
9058	58157
9058	824
9058	81532
9058	9546
9058	841
9058	2934
9058	3178
9058	10280
9058	27235
9058	1356
9058	4576
9058	567
9058	5580
9058	6623
9058	10524
